4294967278,354
4294967278,348
4294967279,374
4294967279,414
4294967279,358
4294967279,275
4294967279,237
4294967279,234
4294967279,226
4294967279,222
4294967278,381
4294967279,216
4294967279,383
4294967279,83
4294967279,82
4294967279,210
4294967279,205
4294967278,203
4294967279,203
4294967279,198
4294967278,196
4294967278,193
4294967278,192
4294967279,192
4294967279,191
4294967278,189
4294967278,188
1838,5
1838,4
4294967278,187
1838,3
1838,2
1838,1
4294967279,187
1837,5
1837,4
1837,3
1837,2
1837,1
4294967294,441
4294967294,426
4294967294,388
4294967279,182
4294967278,554
4294967278,229
1836,10
4294967279,397
4294967278,316
4294967279,377
4294967279,439
4294967279,260
4294967278,227
4294967278,173
4294967294,1455
4294967278,271
4294967279,173
4294967279,172
1836,9
1836,8
1836,7
1836,6
1836,5
1836,4
1836,3
1836,2
1836,1
4294967279,420
4294967294,185
4294967294,915
4294967294,901
4294967294,170
4294967294,966
4294967294,904
4294967294,162
4294967279,165
4294967279,164
4294967279,162
4294967278,223
4294967279,438
4294967279,158
1835,7
4294967278,153
4294967278,152
1835,6
1835,5
1835,4
1835,3
1835,2
1835,1
4294967294,76
4294967278,121
4294967278,119
4294967278,115
4294967278,114
4294967278,112
4294967278,104
4294967278,103
4294967278,100
4294967278,349
4294967278,99
4294967278,98
4294967278,96
4294967278,94
4294967278,84
4294967278,79
4294967278,78
4294967278,77
4294967278,75
4294967278,74
4294967278,72
4294967278,71
4294967278,68
4294967278,66
4294967278,341
4294967279,81
4294967279,69
4294967279,68
4294967279,59
4294967279,56
4294967279,411
4294967279,45
4294967279,40
4294967279,27
1834,5
1834,4
1834,3
1834,2
1834,1
4294967294,393
4294967294,91
4294967294,90
4294967294,87
4294967294,86
4294967294,84
4294967294,954
4294967294,29
4294967294,45
4294967294,1419
4294967294,44
4294967294,40
4294967294,37
4294967294,36
4294967294,39
4294967294,42
4294967294,457
4294967278,141
4294967294,82
4294967278,287
4294967279,137
4294967278,134
4294967278,221
4294967278,306
4294967294,1423
4294967294,51
4294967294,52
4294967278,350
4294967294,974
4294967294,83
4294967279,138
4294967278,270
4294967278,538
4294967279,405
4294967278,269
4294967278,336
4294967278,267
4294967278,266
4294967279,289
4294967278,301
4294967294,390
4294967294,115
4294967278,313
4294967279,351
4294967279,373
4294967278,262
4294967279,325
4294967278,333
4294967279,388
4294967278,562
4294967279,295
4294967278,219
4294967279,359
4294967279,334
4294967278,353
1832,7
1832,6
1832,5
1832,4
1832,3
1832,2
1832,1
1831,4
1831,3
1831,2
1831,1
4294967279,240
4294967279,238
4294967279,437
4294967279,324
4294967279,232
4294967279,230
4294967279,436
4294967279,224
4294967278,278
4294967279,220
4294967294,114
4294967278,383
4294967278,380
4294967279,311
4294967279,227
4294967278,210
4294967278,209
4294967278,208
4294967279,209
4294967279,208
4294967278,379
4294967279,207
4294967279,206
4294967278,204
4294967279,292
4294967294,503
4294967279,204
4294967279,400
4294967278,512
4294967279,435
4294967279,88
4294967279,202
4294967279,201
1829,6
1829,5
4294967279,200
1829,4
1829,3
1829,2
1829,1
4294967279,199
1828,5
1828,4
4294967279,196
1828,3
1828,2
1828,1
4294967279,409
4294967279,195
4294967294,1454
4294967278,252
4294967278,186
4294967279,189
4294967278,251
4294967279,188
1827,5
4294967278,185
4294967279,185
4294967278,183
4294967279,184
1827,4
4294967278,182
1827,3
1827,2
1827,1
4294967279,183
4294967294,1425
4294967294,89
4294967294,914
4294967294,963
4294967294,921
4294967294,903
4294967294,17
4294967294,99
4294967278,180
4294967278,179
1826,4
1826,3
1826,2
1826,1
4294967279,335
4294967278,178
4294967294,392
4294967294,389
4294967279,178
4294967278,176
1825,4
1825,3
1825,2
1825,1
4294967279,434
0,7
4294967294,430
4294967294,1422
4294967294,1
4294967294,6
4294967294,0
4294967294,8
4294967294,409
4294967294,907
4294967294,186
4294967294,908
4294967294,923
4294967294,467
4294967294,169
4294967294,461
4294967294,448
4294967294,449
4294967278,315
4294967278,378
4294967278,377
4294967278,0
4294967278,361
4294967279,407
4294967279,0
4294967278,299
4294967279,329
4294967278,298
4294967294,50
4294967294,46
4294967294,2
4294967278,304
4294967294,107
4294967294,81
4294967294,85
4294967294,953
4294967294,924
4294967294,414
4294967294,28
4294967294,26
4294967294,53
4294967294,41
4294967294,38
4294967294,96
4294967294,94
4294967294,9
4294967294,22
4294967294,93
4294967294,95
4294967279,65
4294967294,972
4294967294,68
4294967294,11
4294967279,403
4294967278,294
4294967279,304
4294967294,5
4294967279,156
4294967278,155
4294967278,154
4294967278,151
4294967278,150
4294967278,149
4294967279,406
4294967278,225
4294967278,145
4294967278,144
4294967278,143
4294967279,143
4294967278,142
4294967279,401
4294967278,140
4294967278,139
4294967278,138
4294967279,425
4294967278,135
4294967278,302
4294967278,133
4294967294,7
4294967278,560
0,5
4294967294,43
4294967294,1418
4294967294,67
4294967294,92
4294967294,88
4294967294,25
4294967294,955
4294967294,27
4294967294,1416
4294967293,131
4294967293,130
4294967293,129
4294967293,128
4294967293,127
4294967293,126
4294967293,125
4294967293,124
4294967293,123
4294967293,122
4294967293,121
4294967293,120
4294967293,119
4294967293,118
4294967293,117
4294967293,116
4294967293,115
4294967293,114
4294967293,113
4294967293,112
4294967293,111
4294967293,110
4294967293,109
4294967293,108
4294967293,107
4294967293,106
4294967293,105
4294967293,104
4294967293,103
4294967293,102
4294967293,101
4294967293,100
4294967293,99
4294967293,98
4294967293,97
4294967293,96
4294967293,95
4294967293,94
4294967293,93
4294967293,92
4294967293,91
4294967293,90
4294967293,89
4294967293,87
4294967293,86
4294967293,85
4294967293,84
4294967293,83
4294967293,82
4294967293,81
4294967293,80
4294967293,79
4294967293,78
4294967293,77
4294967293,76
4294967293,75
4294967293,74
4294967293,73
4294967293,72
4294967293,71
4294967293,70
4294967293,69
4294967293,68
4294967293,67
4294967293,66
4294967293,65
4294967293,64
4294967293,63
4294967293,62
